187
9999 14
47547 52506 131 5307 19634 76523 36075 27423 46079 47804 8003 59558 69352 25732
9998 19
53242 14081 63916 85931 73064 7193 23867 7541 17066 97190 32067 93052 31316 78073 865 39237 34701 85027 64416
9997 12
53944 72730 69237 71992 59288 52051 63033 85584 47148 44061 28529 10870
9996 16
74454 31883 45377 6242 83827 69971 78170 46351 67187 92682 85586 50533 37131 53335 6423 43344
9995 18
6524 68726 86369 93756 8124 46238 78727 89542 91767 37631 70893 73596 1518 49403 23844 71410 61205 14391
9994 14
28129 66894 20708 28710 33344 51768 7092 60602 54784 52988 81303 93548 50457 75783
9993 16
36072 46906 19710 55118 14680 57703 72203 27075 44783 63913 71468 45990 49031 13809 79752 44185
9992 17
65697 18310 63811 12834 19245 84675 24118 50037 21906 60898 65970 2448 94642 54487 28487 97315 11896
9991 17
56716 51502 60665 37 22243 95408 72860 43231 4563 9968 32898 33383 1570 98864 19048 30752 19210
9990 20
90932 97012 78087 15941 75856 65349 4701 84247 97185 74101 91768 67807 87181 68991 73697 12789 66763 86359 95940 18639
9989 11
40136 69340 25891 37255 41493 19744 19518 11994 59460 34117 60722
9988 17
16440 88974 53433 69107 52164 87754 1131 96950 5272 22228 49773 30597 65656 48035 12630 48873 80018
9987 14
58783 74544 76853 98658 98610 8091 54002 51242 26202 45437 81992 13285 55495 49936
9986 15
48409 4568 27290 7492 13568 11635 92716 18829 59227 3996 67087 53312 70134 48586 85635
9985 19
5474 86708 18118 352 81477 35989 4521 95315 81469 46976 43277 39791 57997 13262 94829 27065 44342 31641 71651
9984 20
71598 9593 74962 32827 23974 29999 45974 65749 72798 34198 44706 9833 21147 77724 91754 55113 11821 54516 39137 94149
9983 11
96527 9763 60907 76397 25503 82968 82378 87773 95001 13480 43725
9982 17
97201 36138 73037 99619 67579 86900 8580 17891 93782 92254 73764 560 18704 42782 6876 26828 88801
9981 12
45675 85950 11285 50667 98998 87829 57431 77470 50305 25940 56954 33265
9980 19
95073 65284 18809 67749 65687 93626 7725 26187 62181 54620 13131 29629 75845 76719 64647 27823 71117 678 90109
9979 19
99501 53425 27550 68740 39199 19621 75381 7099 90942 51509 87163 34855 58806 24192 40434 34206 14813 12572 25079
9978 13
95881 76952 8269 33823 34257 91524 43088 88991 74011 18542 56180 81895 55913
9977 17
49485 63775 92433 43782 68248 52412 65820 1364 65125 47123 40856 60396 87676 72965 28429 33970 4094
9976 19
62503 36773 13393 87806 28661 88266 29360 91648 46923 80825 71934 21657 94155 56801 53636 56787 70401 789 94520
9975 14
37935 98346 49879 75546 41564 12838 7047 3270 84934 47748 71752 20251 4637 73261
9974 19
84938 36531 67287 38381 3130 98977 65344 94198 74953 97944 92066 90364 96448 44834 40907 79498 23324 99437 98201
9973 10
96023 13220 39969 57987 29936 50537 36206 27456 64736 90739
9972 14
20484 14160 20289 6953 40970 87287 18025 32106 51730 82972 89694 17692 49225 89228
9971 16
1694 24796 49050 183 5995 43708 49710 96296 35042 29304 94187 43009 39106 77332 16829 25659
9970 10
49020 94432 49813 22242 67604 37977 27143 59529 84975 95464
9969 16
18515 54842 37860 44029 45751 51979 68976 11610 52544 281 21780 95854 6156 72751 99075 81322
9968 17
96894 82102 94569 73626 64034 50967 35639 90427 32977 70904 53414 14120 21363 3208 12361 3367 11920
9967 17
18430 5526 26088 24085 19232 32649 74751 78113 45729 40981 83090 94368 31556 99313 51540 32317 71081
9966 17
54418 53382 97543 51312 7254 66745 2384 35141 49157 43424 91992 94205 47023 25555 4515 37967 96753
9965 12
2615 43646 90631 41978 34402 5383 14381 68053 44731 64248 76869 31691
9964 15
27356 5296 74882 3910 90826 63313 23351 73032 17291 93600 32776 63277 53911 37679 72148
9963 19
54749 66242 13534 51392 11101 74257 13159 43895 55717 32448 23537 34741 1914 27003 99824 3471 35723 9928 47722
9962 20
61263 96903 92955 32814 59462 75876 58369 94676 94146 84389 57707 73156 16559 29450 93742 27352 39096 23354 65389 88430
9961 18
54869 66223 28694 82655 79980 2819 80848 94883 80328 95507 32700 23498 39937 89342 89259 55026 12357 33325
9960 12
54985 19578 87648 72481 90539 10159 62212 81485 72726 6102 51956 64334
9959 13
4214 58183 7285 44815 52749 26480 38560 9752 77174 14715 96191 6915 20609
9958 15
20595 82858 1314 99344 23141 88166 58465 57271 86319 28942 80897 98420 14419 74683 4164
9957 14
84047 42826 44572 11225 99567 72033 77993 25033 8807 94384 81626 54115 95280 66822
9956 13
34601 84525 73679 97509 38387 83481 46911 26478 32066 882 86895 39065 51185
9955 19
73413 34552 59542 51468 34016 47250 81418 25906 11631 68997 79603 32652 91437 95477 48544 14402 57289 33800 83193
9954 13
68841 24599 74355 18434 16593 47005 85957 98565 77371 41442 91260 18951 53316
9953 18
60133 83879 27536 30621 83311 42897 46116 87428 36687 55218 19279 45894 61627 69069 19675 59237 74449 96750
9952 11
92306 43660 88127 98626 96648 84073 86956 23164 10359 50646 15371
9951 20
30746 79279 99083 23612 51430 44718 29724 93979 49895 98805 30497 64155 77165 50703 15113 59129 75166 50730 6896 83863
9950 14
44004 2144 57279 72253 42380 17136 2947 49231 2873 43620 95640 28562 71847 16777
9949 15
71386 19309 1238 28992 81333 18705 69454 96350 73271 85791 48295 83717 27139 96578 83753
9948 12
4624 90758 23869 74943 15301 10231 7578 78907 83858 60007 44866 55894
9947 10
51202 23850 67057 66091 62337 61594 45607 36168 97238 15484
9946 11
91553 73525 37426 8921 66502 3644 60802 40446 14189 16291 93444
9945 15
1608 56229 74190 39850 51500 35303 4118 16504 82077 74099 66456 4135 46780 27614 52417
9944 11
86547 37998 16978 10318 47011 3491 99299 38596 79482 66677 38298
9943 10
78909 40379 81098 99815 87603 29452 29836 98255 86664 55687
9942 13
85910 92340 66376 79194 12038 89284 96408 68696 26131 92963 34801 44516 21151
9941 12
2249 75885 81091 22657 49356 35866 21924 33837 62087 49025 29858 2789
9940 10
94771 97044 23236 60627 76876 25367 93630 84009 67245 34202
9939 15
22615 279 57793 70741 68487 36622 97962 24064 49566 2810 71248 3656 75717 2578 46159
9938 15
14655 30212 25607 73694 99117 54067 96019 5561 85244 12168 20363 27421 65909 35077 58260
9937 19
93171 55483 32255 71638 19533 93635 66338 73695 16797 64210 23664 80087 8300 27017 67641 80626 93406 33274 65351
9936 12
5817 90347 32529 8667 72556 68868 12867 10683 98806 50206 74831 80212
9935 11
16590 4387 19425 90786 95122 24775 69125 1122 66251 87372 22836
9934 14
62769 40644 26078 85896 76048 33290 31611 48939 61475 13865 42785 12599 50954 74498
9933 17
30985 97445 41003 49476 98843 47860 75433 95604 76912 69759 43386 98630 61615 95893 81109 65315 12594
9932 9
21659 95686 97712 83740 83419 49725 10684 91234 53141
9931 9
33918 77000 36482 99481 10131 77884 66129 98582 27343
9930 18
7018 31945 52354 67884 10560 48502 36607 20648 58614 58972 1143 90104 77304 21141 9300 95750 94706 85769
9929 19
48263 62131 30122 78255 10639 91059 72197 64777 13977 17181 37790 35823 43126 46547 34296 28868 4267 22371 58044
9928 13
6484 2954 30336 72437 45226 98796 9916 62047 69038 52582 41896 28692 53
9927 12
15046 62049 62499 74206 79480 25242 30544 6861 6495 87095 75180 79254
9926 19
60582 88696 93284 90990 60362 71798 78372 83446 47992 61502 56215 85636 31119 84581 64989 28125 81947 96756 51440
9925 19
67164 67971 32290 59648 68727 79183 65805 9491 39401 18840 75380 76086 1368 61658 91552 11784 98421 52043 11544
9924 11
67034 2702 11346 90976 57076 93209 3698 87739 73168 79192 83587
9923 19
37657 53462 13489 32353 78867 1762 37342 59906 9711 97093 91828 54496 72372 81253 52952 75140 29856 73896 24032
9922 15
47545 39709 77306 57338 82790 56391 53726 94147 23760 25632 94940 5847 64093 47451 12820
9921 12
4632 49816 42806 70450 76698 96584 96109 31524 44225 51518 3929 5165
9920 12
20236 12708 30969 54218 19624 97151 54354 39268 60820 75967 50686 41378
9919 14
9049 6059 46417 17227 24844 10097 75411 60013 72542 32786 45714 88524 22991 54379
9918 10
63551 71772 47523 14457 27484 83949 61821 79933 49584 31825
9917 12
89780 32467 77235 59759 76395 27128 71217 26075 60850 63004 66164 1228
9916 15
75779 19396 95010 88744 1394 89381 80348 58820 1929 93644 92092 22530 77432 86729 96141
9915 11
98407 33289 76864 62042 58225 29811 30182 1937 27220 13545 82256
9914 13
9103 64613 67375 61357 83599 47962 474 66272 8071 9671 27393 33981 4360
9913 16
86317 73854 34662 54421 5896 74864 11524 96531 44924 36752 93744 27883 49953 79315 26746 6464
9912 19
18644 50639 75490 83713 21817 62952 23490 23192 79645 23022 68980 98213 79899 91102 93984 96759 7623 13991 47993
9911 18
98925 53222 31495 72497 22964 35153 16947 86125 21567 1380 80577 23834 4393 244 60879 9623 30592 10230
9910 15
27326 32944 43973 29210 63854 93810 46506 66884 30943 59231 76814 32962 65676 36877 77649
9909 18
40880 27031 2268 61424 3900 2835 7380 78120 41833 78492 10602 88491 31603 1823 41339 5882 97876 96229
9908 11
57173 59591 41684 36946 80690 93533 58543 88742 81351 35394 57506
9907 12
78210 13976 80521 69750 83400 17966 33879 92934 24346 9982 12893 15926
9906 14
23455 11028 28601 484 77875 51599 10290 94805 45726 80751 42280 21823 59724 39590
9905 12
47237 99679 93246 69944 74140 29270 91172 16747 48023 82949 85301 19094
9904 18
43274 3549 25066 24338 53117 6235 30703 63631 57075 99085 45664 55094 97407 6926 12052 56766 87616 1365
9903 12
95276 6419 21291 14697 88746 28243 59019 15680 83415 83903 57467 99937
9902 16
62886 32469 34067 66026 4084 15058 59636 65836 14892 40081 79649 33833 35010 27041 46754 13055
9901 17
11348 92842 38805 67709 33061 27587 98098 63013 89925 22114 71267 24859 56066 48671 38101 3021 60223
9900 20
97765 41059 84053 87020 80409 92581 56380 27869 84631 51525 41969 41733 73966 25784 90242 61359 25311 84632 71963 56629
9899 16
20726 87520 15968 46712 6734 93401 17751 38117 95372 43684 65399 14382 14623 22209 97556 36491
9898 15
52840 2945 11194 25338 14387 60964 72220 87787 22611 30879 96870 30664 64094 26201 89994
9897 19
33714 28302 76563 2374 82779 97718 90042 46953 47803 8004 49368 90831 27806 13149 36505 98787 17302 90985 91000
9896 13
30933 5848 71693 51150 7590 49592 28821 8172 61914 49364 40084 59598 34972
9895 18
30448 83249 72377 71577 68092 30350 71416 27516 3492 81912 25017 99502 58356 82136 79774 91891 29913 74780
9894 18
53326 9587 99050 79207 45759 36006 75793 18259 46114 13992 31305 35214 65585 91729 7186 28696 7781 22903
9893 19
9759 71005 23290 70781 17701 56815 65727 73210 34866 33494 34049 1727 89762 78310 22948 74732 85696 16837 61085
9892 15
60546 32011 28932 28836 25915 16092 73968 97006 96695 41396 14738 52076 94298 61203 71311
9891 18
22756 5582 94423 38349 61811 39877 57647 73284 29469 12587 24455 14371 73420 99413 21999 25805 2305 30387
9890 11
37089 65578 59307 94092 27013 31260 15422 21962 48606 39202 54247
9889 13
17833 75653 75279 33093 70722 99860 28851 32305 47077 39701 71030 55108 29752
9888 16
12358 11607 6384 19900 39307 22021 38227 52810 85297 32783 489 68606 29457 52937 87413 54268
9887 13
50465 62498 32428 47825 66188 89257 52145 25661 14045 81587 14723 43272 17517
9886 10
9826 79311 22603 77423 51868 78452 41278 94863 12653 98799
9885 11
40691 1382 83013 7901 8359 36720 33649 65803 36366 47178 1956
9884 20
25211 28536 6323 20190 15040 69399 64705 82191 31633 3832 62799 40805 7455 18796 15029 72755 57860 53437 20960 26703
9883 17
3830 39882 94182 36912 83828 46666 83645 6274 43069 38521 97782 17818 98487 49046 75341 71640 96059
9882 11
58055 92736 87633 407 95506 67493 34929 11092 58916 88230 21506
9881 12
29777 11404 56079 79701 94920 58411 82411 81295 28300 99172 69561 77283
9880 10
27620 91957 9624 89178 20255 75514 71004 96292 7240 18267
9879 16
79830 30261 43004 68373 46162 77530 78749 74844 85212 6664 89400 66732 63233 94631 42265 39931
9878 12
58222 99160 47150 75605 74552 37524 20360 16787 83310 85594 24447 57028
9877 15
54157 98810 24314 77664 89664 33803 36518 37248 25646 64132 32506 1822 95719 76573 56536
9876 10
82041 57244 54404 38918 22230 49465 71364 48488 85230 753
9875 14
25113 93027 56252 65001 76052 66807 83136 56147 18221 49855 18393 74664 91355 49560
9874 11
55061 4445 28627 20303 31330 66629 7443 91647 701 64558 92765
9873 20
75357 43377 71994 34943 83456 4663 21049 31850 12600 61023 45056 31740 95099 69032 69151 46637 786 13861 26306 96284
9872 12
46559 42558 22001 51849 47501 85527 91580 4537 60493 32420 86685 56111
9871 13
1601 84703 15552 87836 47617 29061 92079 17117 80393 58231 63085 70576 21955
9870 19
34553 59381 84963 26958 34399 91285 95460 40288 7031 65133 27792 10416 40333 35560 99838 49916 35036 68752 42155
9869 17
53310 69384 44304 51310 61595 35418 80279 50066 26515 56096 18022 76618 23921 18657 65457 80882 202
9868 10
79361 15035 13146 3232 91849 7951 74398 33650 54093 13721
9867 17
93080 80104 37607 39009 86488 47324 49063 67226 89611 4609 67764 15390 74272 77515 22787 2580 74718
9866 18
17896 3146 499 29136 60370 91969 48961 15118 39032 33824 76335 47055 54283 27889 38044 62003 83322 76475
9865 17
99080 47495 93761 76507 51904 22389 29054 76877 20214 79553 56627 70495 11878 13829 86908 52652 94273
9864 20
57304 71023 87077 7356 39604 54616 20449 74649 11576 63385 47069 3605 94143 89689 54687 90037 57004 49206 63611 43488
9863 19
64221 92596 5681 21622 37999 45952 87376 61288 51019 54906 4296 44175 49458 13687 44851 37145 19321 92764 66438
9862 11
17807 48445 7539 11419 96593 25300 1559 74405 73623 55292 28365
9861 18
80881 27791 83404 39962 781 22986 35112 21458 67306 16663 96143 73315 31736 57890 91812 48795 41947 48099
9860 16
87691 92784 32327 54149 63199 60044 73220 69411 52881 92984 40664 92745 40996 82718 38456 89783
9859 14
38544 42500 43040 50274 87235 63036 72177 80912 39410 78722 32797 35233 16269 192
9858 14
45325 82582 18419 63971 22104 56789 61711 51796 60637 19044 1617 21636 30225 60372
9857 13
51981 93616 58109 99286 45211 67060 47428 50140 6287 24354 77441 87403 66318
9856 13
35619 33551 39919 90350 31681 70510 41517 45339 13722 29506 66644 11485 69599
9855 20
60258 74200 83257 45533 55738 34698 84226 89198 14014 94033 64392 21342 79077 31629 2999 56073 18568 51479 24583 69233
9854 15
27114 36474 35927 84044 17155 93033 34180 68112 37262 13134 23803 75673 96724 86727 65292
9853 12
26022 8873 57516 20331 57591 38956 16240 21740 19703 21719 70442 31917
9852 18
49328 43414 65136 43624 14664 24273 77919 71367 17676 87708 42466 47385 43809 6912 2901 76378 52206 22245
9851 19
41277 46002 56519 9592 59557 57908 73101 87011 12343 42771 70436 56173 69980 3380 83685 49534 99196 89482 17211
9850 11
38706 48557 40658 92769 94545 37533 47762 51073 334 85252 49905
9849 10
30718 89919 67695 76717 76062 746 60399 35489 22083 63262
9848 11
38687 31778 66696 59308 50014 78222 19846 50894 19154 87308 25141
9847 20
40102 53569 49572 25360 83320 76930 96190 11764 81346 98774 83562 67470 90236 51583 34886 42249 31148 86436 37905 85170
9846 11
54800 53651 14282 44845 20075 20822 39083 29434 4357 729 50779
9845 19
13667 25038 43106 61588 29601 13994 76611 26136 17412 75901 78681 18881 59022 17059 39398 62036 86225 916 29405
9844 11
76632 74713 12985 80143 69948 1386 20201 91082 96461 18721 66674
9843 15
51111 85363 29179 17085 37139 3180 79047 61546 48788 98959 99251 8446 38990 13038 98945
9842 15
58365 77661 75365 54736 76781 21875 39293 70352 29122 96395 38843 63452 46210 11049 66410
9841 19
30109 72656 90202 58415 97431 96652 22309 87567 75549 96518 16734 16110 77965 19142 48675 75825 75796 28001 43848
9840 11
6114 84012 44033 40243 53882 956 84956 97955 38435 74715 40557
9839 12
13529 14616 28221 68633 12620 42612 55567 16047 34327 43447 95231 12122
9838 16
14368 94437 13322 37578 99865 82138 33755 59402 56015 27486 7403 2041 77317 90184 78888 11318
9837 16
7111 46633 67611 59260 42122 1223 68610 85264 15461 55380 33788 11881 6827 6324 44252 63596
9836 20
15151 78858 64956 79991 86374 32683 72558 92220 84746 85288 54368 65991 46523 10156 37094 34747 49563 32046 63244 93608
9835 19
20168 57544 89911 36816 5566 72948 29292 99155 26071 46300 91263 68441 99419 30494 11209 19439 93928 70311 8440
9834 18
83856 68786 39496 94848 45350 16755 25560 41535 24797 13654 53139 42574 99321 88607 71188 78373 65617 70480
9833 11
74638 74124 14706 60218 13060 63306 4580 29207 69354 33929 42595
9832 11
36565 1785 55459 83287 9227 10528 21076 89715 20405 30669 12505
9831 12
1355 93947 56701 94881 57943 18882 66978 65758 38506 13103 94379 21575
9830 9
79546 5993 43857 84204 91697 53964 36465 93878 49605
9829 19
56041 83501 86822 88487 64120 77453 20136 75869 3990 47730 21391 97558 32779 67231 1070 11205 47315 51779 70861
9828 17
56591 72892 86785 48580 24060 98329 10767 35386 16857 42240 79444 80311 53823 37530 87393 55184 6880
9827 17
81476 22757 20602 58578 46562 23658 45735 15165 40999 15530 84263 31392 87201 93199 7260 4113 74318
9826 10
83224 32490 64610 11208 12675 88395 54066 1752 77445 16367
9825 14
80134 41850 78362 51662 2204 22302 72658 69417 28843 53762 91004 10778 84101 88978
9824 10
98422 57414 23036 65308 43651 16142 66959 15896 90862 98153
9823 16
13819 28275 85651 68382 17293 59487 46126 5814 96311 23198 41591 46625 69755 32545 42905 73443
9822 16
77581 73474 78886 46839 17524 23017 99677 64185 15665 33601 49397 80800 6557 6489 63649 99995
9821 20
53120 63208 39547 63571 59651 91297 32324 21714 93674 39084 58818 47720 56717 81806 78544 13743 77756 98068 95071 50004
9820 12
82731 85712 99582 16824 49293 85206 54582 68654 84909 79233 67131 49049
9819 19
42238 2436 95822 24020 67391 69244 89719 74238 7682 93374 83450 62939 51889 5316 61198 60785 39433 85430 47311
9818 17
11019 45527 91995 47713 93913 40418 69700 22403 76995 37040 56045 38040 63453 27204 84940 60314 76990
9817 20
77427 30541 19315 38749 40632 79948 65590 52179 84904 97722 60663 91642 16753 36123 82066 14027 12825 85719 25197 68378
9816 13
31683 47766 18966 8065 6690 7367 58457 32860 92959 85188 20765 52723 35174
9815 10
3570 52955 71335 3852 19606 34294 51921 68701 77415 4291
9814 17
59032 51327 32495 30769 38473 63969 4881 80386 5046 85182 98078 98852 51280 36668 61093 45444 36275
9810 10
53684 72649 95564 4726 1912 53669 7955 33464 8905 93754
